[[[33. 31. 36.]]
 [[33.  8.  0.]]
 [[ 0. 23. 36.]]
 [[ 7.  8.  0.]]
 [[33. 31. 36.]]
 [[ 0. 22.  3.]]
 [[ 0.  1. 33.]]
 [[33. 31. 36.]]
 [[ 1.  8.  0.]]
 [[33.  8.  0.]]
 [[ 0.  0.  0.]]
 [[33. 31. 36.]]
 [[ 0. 12.  3.]]
 [[ 0.  1. 11.]]
 [[33. 31. 36.]]
 [[33.  8.  0.]]
 [[ 0.  0.  0.]]
 [[33. 31. 36.]]
 [[33. 31. 36.]]
 [[ 0.  0.  0.]]
 [[26.  0.  0.]]
 [[ 0.  0.  0.]]
 [[ 0.  0.  0.]]
 [[ 0.  0.  0.]]
 [[ 0. 23. 36.]]
 [[33. 31. 36.]]
 [[ 0.  7.  3.]]
 [[ 0.  1.  3.]]
 [[33. 31. 36.]]
 [[ 0.  0.  0.]]
 [[ 0. 23. 36.]]
 [[ 6.  0.  0.]]
 [[ 0.  0.  0.]]
 [[ 0.  0.  0.]]
 [[ 0.  0.  0.]]
 [[ 1.  0.  0.]]
 [[ 0.  0.  0.]]
 [[ 0.  8.  0.]]
 [[ 0.  0.  0.]]
 [[ 0.  0.  0.]]
 [[ 0.  0.  0.]]
 [[ 0.  0.  0.]]
 [[ 0.  0.  0.]]
 [[ 0.  0.  0.]]
 [[ 0.  0.  0.]]
 [[ 0.  0.  0.]]
 [[ 0.  0.  0.]]
 [[ 0.  0.  0.]]
 [[ 0.  0.  0.]]
 [[ 0. 10.  0.]]
 [[ 0.  0.  0.]]
 [[ 0.  0.  0.]]
 [[ 0.  5.  0.]]
 [[ 0.  4.  0.]]
 [[ 0.  3.  3.]]
 [[ 0.  0.  1.]]
 [[ 0.  1.  2.]]
 [[ 0.  0.  0.]]
 [[ 0.  0.  8.]]
 [[ 0.  0.  0.]]
 [[ 0.  0.  0.]]
 [[ 0.  0.  0.]]
 [[ 0.  0. 22.]]
 [[ 0.  0.  0.]]]
