[[[30. 34. 36.  0.]]
 [[30. 12.  0.  0.]]
 [[ 0. 22. 36.  0.]]
 [[ 1. 12.  0.  0.]]
 [[30. 34. 36.  0.]]
 [[ 0. 21.  4.  0.]]
 [[ 0.  1. 32.  0.]]
 [[30. 34. 36.  0.]]
 [[30. 34. 36.  0.]]
 [[30. 12.  0.  0.]]
 [[ 0.  0.  0.  1.]]
 [[30. 34. 36.  0.]]
 [[ 0.  1.  4.  0.]]
 [[ 0.  1. 12.  0.]]
 [[30. 34. 36.  0.]]
 [[30. 12.  0.  0.]]
 [[ 0.  0.  0.  1.]]
 [[30. 12.  0.  0.]]
 [[ 0.  0.  0.  1.]]
 [[ 0.  0.  0.  1.]]
 [[29.  0.  0.  0.]]
 [[ 0.  0.  0.  1.]]
 [[ 0.  0.  0.  1.]]
 [[ 0.  0.  0.  1.]]
 [[ 0. 22. 36.  0.]]
 [[30. 34. 36.  0.]]
 [[ 0.  1.  3.  0.]]
 [[30. 34. 36.  0.]]
 [[ 0.  1.  9.  0.]]
 [[ 0.  0.  0.  1.]]
 [[ 0. 22. 36.  0.]]
 [[ 1.  0.  0.  0.]]
 [[ 0.  0.  0.  1.]]
 [[ 0.  0.  0.  1.]]
 [[ 0.  0.  0.  1.]]
 [[ 0. 12.  0.  0.]]
 [[ 0.  0.  0.  1.]]
 [[ 0.  0.  0.  1.]]
 [[ 0.  0.  0.  1.]]
 [[ 0.  0.  0.  1.]]
 [[ 0.  0.  0.  1.]]
 [[29.  0.  0.  0.]]
 [[29.  0.  0.  0.]]
 [[ 0.  0.  0.  1.]]
 [[ 0.  0.  0.  1.]]
 [[ 0.  0.  0.  1.]]
 [[ 0.  0.  0.  1.]]
 [[ 0.  0.  0.  1.]]
 [[ 0.  0.  0.  1.]]
 [[ 0. 20.  0.  0.]]
 [[ 0.  0.  0.  1.]]
 [[ 0.  0.  0.  1.]]
 [[ 0.  0.  1.  0.]]
 [[ 0.  1.  1.  0.]]
 [[ 0.  0.  2.  0.]]
 [[ 0.  0.  0.  1.]]
 [[ 0.  0.  3.  0.]]
 [[ 0.  1.  3.  0.]]
 [[ 0.  0.  6.  0.]]
 [[ 0.  0.  0.  1.]]
 [[ 0.  0.  0.  1.]]
 [[ 0.  0.  0.  1.]]
 [[ 0.  0. 20.  0.]]]
